avg_gaze: [-0.05889178077793784, -0.07910944442846812, 0.9941935009426541, 1.]
avg_fc: [0.02392806141672422, 0.020628627534675634, 0.9995001489919962, 1.]
avg_gaze: [-0.061799137801345855, -0.11143613358338673, 0.9909972250461578, 1.]
avg_fc: [0.02551864149989893, 0.021608695385338134, 0.9994404157038844, 1.]
avg_gaze: [-0.03790288067991949, -0.10852056038048533, 0.9928075505627526, 1.]
avg_fc: [0.027307993707388283, 0.024140372271816885, 0.9993353331889148, 1.]
avg_gaze: [-0.010157980516345965, -0.10708155110478401, 0.9936931464407179, 1.]
avg_fc: [0.02529770384559766, 0.024697032455406956, 0.9993744310003392, 1.]
avg_gaze: [-0.026229424078741834, -0.09551703929901123, 0.9945289393266042, 1.]
avg_fc: [0.027703627830712486, 0.025920322391546867, 0.9992799351719525, 1.]
avg_gaze: [-0.0128937894737141, -0.11055461565653484, 0.9932692580752902, 1.]
avg_fc: [0.02785553979801892, 0.02657067723863482, 0.999258673042462, 1.]
avg_gaze: [-0.0035638141626906064, -0.11184301185939047, 0.9930004510614607, 1.]
avg_fc: [0.023719473794441746, 0.024545618984325557, 0.9994164756613821, 1.]
avg_gaze: [0.004653414863342833, -0.10758543304271168, 0.9929905202653673, 1.]
avg_fc: [0.056888423883961065, 0.027762185674976115, 0.9933753655868662, 1.]
avg_gaze: [0.001316451286483142, -0.10907758420540227, 0.9931610524654388, 1.]
avg_fc: [0.05686014490228998, 0.02857844770422666, 0.993411605035818, 1.]
avg_gaze: [0.03615859677342491, -0.11294296280377442, 0.991730358865526, 1.]
avg_fc: [0.05236232330137345, 0.024574440040351878, 0.9937112838237869, 1.]
avg_gaze: [0.07274424529168755, -0.10572982165548536, 0.9864034718937345, 1.]
avg_fc: [0.047918053389069515, 0.02642278566283731, 0.9948338501624985, 1.]
avg_gaze: [-0.027244384633377194, -0.0060769930067989565, 0.9826309151119657, 1.]
avg_fc: [0.15203682591987006, 0.03291715563581122, 0.9761409640937608, 1.]
avg_gaze: [-0.02963495461477174, -0.03189487775994672, 0.9807842307620578, 1.]
avg_fc: [0.15363298144128673, 0.03163963942024694, 0.9751642258000237, 1.]
avg_gaze: [0.021999357061253652, -0.06284241357611285, 0.9856087234285142, 1.]
avg_fc: [0.10118812603023125, 0.030759879090370718, 0.9844575656476885, 1.]
avg_gaze: [-0.003990602265629504, -0.030480132748683293, 0.9844616154829661, 1.]
avg_fc: [0.15176609160270005, 0.03385467055221206, 0.975616311935672, 1.]
avg_gaze: [0.041924995887610644, -0.15429842720429102, 0.9855965607696109, 1.]
avg_fc: [-0.23293204371259646, -0.04508731763883986, 0.9714308406162806, 1.]
avg_gaze: [0.05364268505945802, -0.10837287962850597, 0.9857406848006778, 1.]
avg_fc: [-0.24724139561890032, -0.042323254147819796, 0.9679725651466149, 1.]
avg_gaze: [-0.005292585300695565, -0.0821257463345925, 0.9938034779495664, 1.]
avg_fc: [-0.24738502038402688, -0.03819050938513714, 0.968128712531558, 1.]
avg_gaze: [-0.013083809986710548, -0.113577828846044, 0.990510473648707, 1.]
avg_fc: [-0.24156232306112357, -0.037957075002881084, 0.9696426684787232, 1.]
avg_gaze: [-0.02634740232800444, -0.14151392587357098, 0.9889003071520064, 1.]
avg_fc: [-0.24156232306112357, -0.037957075002881084, 0.9696426684787232, 1.]
avg_gaze: [-0.016510179356878832, -0.11580750822193092, 0.9901173710823059, 1.]
avg_fc: [-0.24156232306112357, -0.037957075002881084, 0.9696426684787232, 1.]
